4294967294,81
4294967294,970
4294967294,82
4294967294,1414
4294967294,11
4294967294,68
4294967279,50
4294967279,49
4294967279,48
4294967279,45
4294967279,44
4294967279,42
4294967279,41
4294967279,39
4294967279,38
4294967279,34
4294967279,33
4294967279,31
4294967279,30
4294967279,29
4294967279,28
4294967279,27
4294967279,24
4294967279,22
4294967279,20
4294967279,17
4294967279,14
4294967279,13
4294967279,12
4294967279,11
4294967279,9
4294967278,342
4294967294,6
4294967278,132
4294967278,131
4294967278,130
4294967278,129
4294967278,128
4294967278,127
4294967278,126
4294967278,125
4294967278,124
4294967278,123
4294967278,122
4294967278,121
4294967278,120
4294967278,119
4294967278,118
4294967278,117
4294967278,116
4294967278,115
4294967278,114
4294967278,113
4294967278,112
4294967278,111
4294967278,110
4294967278,109
4294967278,108
4294967278,107
4294967278,106
4294967278,105
4294967278,104
4294967278,103
4294967278,102
4294967278,101
4294967278,100
4294967278,99
4294967278,98
4294967278,97
4294967278,96
4294967278,95
4294967278,94
4294967278,93
4294967278,92
4294967278,91
4294967278,90
4294967278,89
4294967278,86
4294967278,85
4294967278,83
4294967278,82
4294967278,81
4294967278,80
4294967278,79
4294967278,78
4294967278,77
4294967278,76
4294967278,75
4294967278,74
4294967278,73
4294967278,72
4294967278,71
4294967278,70
4294967278,69
4294967278,68
4294967278,67
4294967278,66
4294967278,65
4294967278,64
4294967278,63
4294967279,81
4294967279,80
4294967279,78
4294967279,74
4294967279,73
4294967279,71
4294967279,65
4294967279,63
4294967279,62
4294967279,60
4294967279,58
4294967279,55
4294967279,54
4294967279,53
4294967279,51
4294967279,47
4294967279,46
4294967279,40
4294967279,36
4294967279,32
4294967279,26
4294967279,23
4294967279,21
4294967279,19
4294967279,18
4294967279,0
4294967279,15
4294967279,10
4294967279,8
4294967279,4
4294967279,296
4294967278,469
4294967278,368
4294967279,43
4294967279,292
4294967294,1418
4294967279,547
4294967279,37
4294967279,527
4294967279,35
4294967279,287
4294967278,141
241,6
241,5
241,4
241,3
241,2
241,1
4294967278,277
4294967279,25
4294967278,136
4294967279,16
4294967279,279
4294967278,270
238,4
238,3
238,2
238,1
4294967278,281
4294967278,265
237,4
237,3
237,2
237,1
4294967279,6
4294967279,7
236,6
4294967294,1421
4294967294,1420
4294967294,406
4294967294,384
4294967294,456
4294967294,391
4294967279,5
4294967279,281
4294967278,336
236,5
236,4
236,3
236,2
236,1
4294967279,514
4294967278,331
4294967278,480
4294967278,359
235,5
4294967279,513
4294967278,254
4294967279,512
235,4
235,3
235,2
235,1
4294967279,250
4294967278,253
4294967278,479
4294967278,346
4294967278,0
4294967279,248
4294967278,247
4294967278,245
234,5
4294967278,242
4294967279,241
234,4
4294967279,239
234,3
234,2
234,1
4294967279,539
4294967279,237
4294967279,233
4294967278,236
4294967278,358
4294967279,234
4294967278,234
233,5
4294967279,231
4294967279,229
233,4
233,3
233,2
233,1
4294967278,227
4294967279,227
4294967278,222
4294967278,220
232,4
4294967279,219
232,3
232,2
232,1
4294967279,218
4294967278,218
4294967294,1419
4294967279,217
4294967278,217
4294967279,330
4294967294,916
4294967294,911
4294967294,182
4294967294,899
4294967279,315
4294967278,356
4294967279,341
4294967278,326
4294967278,283
4294967279,322
4294967279,313
4294967279,207
4294967279,314
4294967278,205
4294967279,205
4294967279,310
4294967279,554
4294967278,354
4294967278,379
4294967279,199
4294967279,198
4294967278,478
4294967279,340
4294967278,376
4294967279,550
4294967278,195
4294967279,195
4294967278,87
4294967278,84
4294967279,92
4294967279,91
4294967279,90
4294967279,89
4294967279,87
4294967279,83
4294967278,193
4294967279,193
4294967278,192
4294967279,192
4294967278,191
4294967279,191
4294967278,314
4294967279,306
4294967278,470
4294967279,305
4294967279,573
4294967278,187
4294967279,187
4294967278,186
4294967279,186
4294967278,185
4294967279,185
4294967278,183
4294967278,181
4294967278,349
4294967279,533
4294967279,175
4294967278,173
4294967279,171
4294967278,170
231,6
4294967279,170
231,5
231,4
231,3
231,2
231,1
4294967279,529
4294967278,464
4294967279,528
4294967278,164
4294967294,973
4294967278,463
4294967279,297
4294967278,159
4294967279,294
4294967279,157
4294967278,156
4294967278,298
4294967278,152
228,4
228,3
228,2
228,1
4294967278,151
4294967278,150
4294967278,149
227,4
4294967278,148
227,3
227,2
227,1
4294967278,459
4294967294,1416
4294967278,477
4294967278,457
226,6
4294967294,413
4294967294,420
4294967294,466
4294967294,410
4294967294,458
4294967278,293
4294967279,571
4294967279,286
4294967278,142
226,5
4294967279,140
4294967278,140
4294967279,139
226,4
4294967278,139
226,3
226,2
226,1
4294967279,138
4294967278,138
4294967279,272
4294967278,135
4294967279,136
4294967279,135
225,5
4294967278,134
4294967278,133
225,4
225,3
225,2
225,1
4294967278,284
4294967278,287
4294967278,274
4294967278,286
4294967279,523
4294967279,278
4294967278,273
224,5
4294967278,269
224,4
4294967278,268
224,3
224,2
224,1
4294967278,476
4294967278,267
4294967278,362
4294967279,261
4294967278,475
4294967279,275
223,5
4294967278,264
4294967279,257
4294967278,285
223,4
4294967279,256
223,3
223,2
223,1
4294967278,262
4294967279,255
4294967294,17
4294967278,258
4294967279,520
222,4
4294967278,257
222,3
222,2
222,1
4294967279,519
4294967294,5
0,5
4294967279,542
4294967279,252
4294967279,515
4294967294,41
4294967294,67
4294967294,917
4294967294,912
4294967279,559
4294967294,437
4294967278,329
4294967294,471
4294967294,25
4294967294,946
4294967294,26
4294967294,51
4294967294,52
4294967278,251
4294967278,250
